set terminal png size 5000
set output "/var/www/html/graph.png"
set size ratio 7.0/60.0
set timestamp
set xtics 0,1
set ytics 0,1
set xtics scale 1,1
set mxtics 1
set mytics 1
set xtics rotate by 70 right
set xtics ("00:00:00" 0, "00:15:00" 1, "00:30:00" 2, "00:45:00" 3, "01:00:00" 4, "01:15:00" 5, "01:30:00" 6, "01:45:00" 7, "02:00:00" 8, "02:15:00" 9, "02:30:00" 10, "02:45:00" 11, "03:00:00" 12, "03:15:00" 13, "03:30:00" 14, "03:45:00" 15, "04:00:00" 16, "04:15:00" 17, "04:30:00" 18, "04:45:00" 19, "05:00:00" 20, "05:15:00" 21, "05:30:00" 22, "05:45:00" 23, "06:00:00" 24, "06:15:00" 25, "06:30:00" 26, "06:45:00" 27, "07:00:00" 28, "07:15:00" 29, "07:30:00" 30, "07:45:00" 31, "08:00:00" 32, "08:15:00" 33, "08:30:00" 34, "08:45:00" 35, "09:00:00" 36, "09:15:00" 37, "09:30:00" 38, "09:45:00" 39, "10:00:00" 40, "10:15:00" 41, "10:30:00" 42, "10:45:00" 43, "11:00:00" 44, "11:15:00" 45, "11:30:00" 46, "11:45:00" 47, "12:00:00" 48, "12:15:00" 49, "12:30:00" 50, "12:45:00" 51, "13:00:00" 52, "13:15:00" 53, "13:30:00" 54, "13:45:00" 55, "14:00:00" 56, "14:15:00" 57, "14:30:00" 58, "14:45:00" 59, "15:00:00" 60, "15:15:00" 61, "15:30:00" 62, "15:45:00" 63, "16:00:00" 64, "16:15:00" 65, "16:30:00" 66, "16:45:00" 67, "17:00:00" 68, "17:15:00" 69, "17:30:00" 70, "17:45:00" 71, "18:00:00" 72, "18:15:00" 73, "18:30:00" 74, "18:45:00" 75, "19:00:00" 76, "19:15:00" 77, "19:30:00" 78, "19:45:00" 79, "20:00:00" 80, "20:15:00" 81, "20:30:00" 82, "20:45:00" 83, "21:00:00" 84, "21:15:00" 85, "21:30:00" 86, "21:45:00" 87, "22:00:00" 88, "22:15:00" 89, "22:30:00" 90, "22:45:00" 91, "23:00:00" 92, "23:15:00" 93, "23:30:00" 94, "23:45:00" 95, )
set ytics ("Montag" 0, "Dienstag" 1, "Mittwoch" 2, "Donnerstag" 3, "Freitag" 4, "Samstag" 5, "Sonntag" 6)
set grid front mxtics mytics linetype -1 linecolor rgb "black"
plot "-" matrix with image notitle 
0 0 0 0 0 0 0 0 0 0 0 0 0 0 0 0 0 0 0 0 0 0 0 0 0 2 2 9 18 24 12 17 16 30 24 22 15 18 29 13 18 19 15 16 28 20 18 13 11 4 2 23 19 15 8 9 19 11 18 22 7 28 28 9 10 10 27 14 1 0 0 0 0 0 0 0 0 0 0 0 0 0 0 0 0 0 0 0 0 0 0 0 0 0 0 0 
0 0 0 0 0 0 0 0 0 0 0 0 0 0 0 0 0 0 0 0 0 0 0 0 0 0 0 3 33 19 16 17 29 9 19 24 21 22 27 13 11 11 14 15 9 29 17 9 10 25 12 12 12 13 21 17 14 26 21 23 22 31 30 15 11 6 13 6 8 0 0 0 0 0 0 0 0 0 0 0 0 0 0 0 0 0 0 0 0 0 0 0 0 0 0 0 
0 0 0 0 0 0 0 0 0 0 0 0 0 0 0 0 0 0 0 0 0 0 0 0 0 0 0 1 19 13 16 17 16 20 10 3 8 12 26 24 21 18 15 18 25 18 27 24 19 9 8 8 11 27 25 21 15 15 42 16 2 16 4 19 26 16 17 11 0 0 0 0 0 0 0 0 0 0 0 0 0 0 0 0 0 0 0 0 0 0 0 0 0 0 0 0 
0 0 0 0 0 0 0 0 0 0 0 0 0 0 0 0 0 0 0 0 0 0 0 0 0 0 0 4 17 15 15 1 13 14 12 15 9 13 17 26 42 22 19 14 26 30 17 21 6 9 13 15 19 14 12 26 19 22 27 14 25 19 28 23 11 14 15 14 3 2 1 2 0 0 0 0 0 0 0 0 0 0 0 0 0 0 0 0 0 0 0 0 0 0 0 0 
0 0 0 0 0 0 0 0 0 0 0 0 0 0 0 0 0 0 0 0 0 0 0 0 0 0 0 0 19 19 11 10 7 16 7 14 30 8 30 23 25 20 18 38 23 19 23 34 34 15 15 24 15 28 8 13 23 25 14 24 10 4 5 1 1 3 0 0 0 0 0 0 0 0 0 0 0 0 0 0 0 0 0 0 0 0 0 0 0 0 0 0 0 0 0 0 
0 0 0 0 0 0 0 0 0 0 0 0 0 0 0 0 0 0 0 0 0 0 0 0 0 0 0 0 0 0 0 0 0 0 0 0 0 0 0 0 0 0 0 0 0 0 0 0 0 0 0 0 0 0 0 0 0 0 0 0 0 0 0 0 0 0 0 0 0 0 0 0 0 0 0 0 0 0 0 0 0 0 0 0 0 0 0 0 0 0 0 0 0 0 0 0 
0 0 0 0 0 0 0 0 0 0 0 0 0 0 0 0 0 0 0 0 0 0 0 0 0 0 0 0 0 0 0 0 0 0 0 0 0 0 0 0 0 0 0 0 0 0 0 0 0 0 0 0 0 0 0 0 0 0 0 0 0 0 0 0 0 0 0 0 0 0 0 0 0 0 0 0 0 0 0 0 0 0 0 0 0 0 0 0 0 0 0 0 0 0 0 0 

e
